+------------------------------+--------+---------+--------+--------+-------+---------+---------+
|           Variable           |  Mean  | Std Dev |  Min   |  25%   |  50%  |   75%   |   Max   |
+------------------------------+--------+---------+--------+--------+-------+---------+---------+
|   average_commenter_follow   | 471.44 |  751.85 |  3.0   | 138.0  | 327.0 | 589.529 | 14003.0 |
|      average_moral_word      |  1.24  |   4.11  |  0.0   |  0.0   |  0.0  |   1.0   |   52.0  |
|     average_immoral_word     |  2.29  |   22.8  |  0.0   |  0.0   |  0.0  |   1.0   |  513.0  |
|    commenter_gender_ratio    |  0.34  |   0.4   |  0.0   |  0.0   | 0.125 |  0.667  |   1.0   |
| average_positive_possibility | 58.05  |   26.7  | 0.002  | 40.413 | 58.24 |  79.327 |  100.0  |
|   positive_negative_ratio    |  1.75  |   1.83  | 0.143  | 0.536  |  1.5  |   2.0   |   25.5  |
|      average_text_lenth      | 11.94  |   10.5  |  0.0   |  5.0   |  9.0  |   15.0  |   62.0  |
|     average_moral_score      | -0.85  |   6.42  | -100.0 | -1.078 |  0.0  |   0.0   |  42.532 |
|      average_moral_emo       |  0.38  |   0.69  |  0.0   |  0.0   |  0.0  |   0.5   |   5.0   |
|     average_nonmoral_emo     |  0.6   |   0.9   |  0.0   |  0.0   |  0.3  |   1.0   |   6.0   |
+------------------------------+--------+---------+--------+--------+-------+---------+---------+