+---------------+--------+---------+---------+--------+--------+------+---------+
|    Variable   |  Mean  | Std Dev |   Min   |  25%   |  50%   | 75%  |   Max   |
+---------------+--------+---------+---------+--------+--------+------+---------+
|  repost_count | 13.81  |  87.28  |   0.0   |  0.0   |  0.0   | 1.0  |  1138.0 |
|   like_count  | 103.68 |  738.91 |   0.0   |  1.0   |  3.0   | 15.0 | 12935.0 |
| comment_count | 15.34  |  69.53  |   1.0   |  2.0   |  3.0   | 9.5  |  1235.0 |
|  moral_score  | -0.77  |   3.07  | -42.533 | -0.728 | -0.145 | 0.0  |   9.81  |
|    moral_wc   |  1.37  |   2.56  |   0.0   |  0.0   |  0.0   | 2.0  |   24.0  |
|   immoral_wc  |  1.79  |   2.74  |   0.0   |  0.0   |  1.0   | 2.0  |   29.0  |
|   moral_emo   |  2.83  |   5.26  |   0.0   |  0.0   |  1.0   | 3.0  |   50.0  |
|  nonmoral_emo |  5.11  |   9.9   |   0.0   |  0.0   |  2.0   | 5.0  |   85.0  |
+---------------+--------+---------+---------+--------+--------+------+---------+